22.627417
22.518460
22.192638
21.653088
20.905007
19.955600
18.814010
17.491230
16.000000
14.354681
12.571119
10.666491
8.659138
6.568392
4.414390
2.217875
0.000000
-2.217875
-4.414390
-6.568392
-8.659138
-10.666491
-12.571119
-14.354681
-16.000000
-17.491230
-18.814010
-19.955600
-20.905007
-21.653088
-22.192638
-22.518460
-22.627417
-22.518460
-22.192638
-21.653088
-20.905007
-19.955600
-18.814010
-17.491230
-16.000000
-14.354681
-12.571119
-10.666491
-8.659138
-6.568392
-4.414390
-2.217875
-0.000000
2.217875
4.414390
6.568392
8.659138
10.666491
12.571119
14.354681
16.000000
17.491230
18.814010
19.955600
20.905007
21.653088
22.192638
22.518460
22.627417
