306.400266
299.629329
289.972797
277.523669
262.401837
244.752931
224.746921
202.576475
178.455107
152.615118
125.305363
96.788848
67.340204
37.243037
6.787199
-23.734003
-54.026634
-83.798959
-112.764254
-140.643567
-167.168407
-192.083323
-215.148371
-236.141423
-254.860305
-271.124742
-284.778100
-295.688889
-303.752032
-308.889877
-311.052944
-310.220401
-306.400266
-299.629329
-289.972797
-277.523669
-262.401837
-244.752931
-224.746921
-202.576475
-178.455107
-152.615118
-125.305363
-96.788848
-67.340204
-37.243037
-6.787199
23.734003
54.026634
83.798959
112.764254
140.643567
167.168407
192.083323
215.148371
236.141423
254.860305
271.124742
284.778100
295.688889
303.752032
308.889877
311.052944
310.220401
306.400266
