VA
310.268700752536
304.306974667922
286.650902204137
257.978996324325
219.393102292058
172.376054375776
118.734691359437
60.5304207413380
8.78919696418097e-14
-60.5304207413379
-118.734691359437
-172.376054375776
-219.393102292058
-257.978996324325
-286.650902204137
-304.306974667922
-310.268700752536	
-304.306974667922	
-286.650902204137
-257.978996324326	
-219.393102292058	
-172.376054375776	
-118.734691359438	
-60.5304207413384	
-5.69954356878302e-14	
60.5304207413380	
118.734691359437
172.376054375775
219.393102292058
257.978996324325
286.650902204137
304.306974667922
310.268700752536

IA
28.2842712474619
27.7407969064430
26.1312592975275
23.5175120483872
20.0000000000000
15.7138991677421
10.8239220029239
5.51798758565886
8.01228194720609e-15
-5.51798758565885
-10.8239220029239	
-15.7138991677420	
-20.0000000000000	
-23.5175120483872
-26.1312592975275
-27.7407969064430
-28.2842712474619	
-27.7407969064430	
-26.1312592975275	
-23.5175120483872	
-20.0000000000000	
-15.7138991677421	
-10.8239220029240	
-5.51798758565890	
-5.19573633741296e-15	
5.51798758565886	
10.8239220029239	
15.7138991677420	
20.0000000000000	
23.5175120483872	
26.1312592975275	
27.7407969064429	
28.2842712474619