VC
-155.134350376268	
-204.574369397720
-246.152710129846	
-278.271540255712	
-299.696551146029	
-309.604391647566	
-307.614309006230	
-293.802780981877	
-268.700576850888	
-233.272360240539	
-188.879617646793	
-137.228337271791	
-80.3034488539711	
-20.2925439313869	
40.4981920742911	
99.7326052702017	
155.134350376268	
204.574369397720	
246.152710129846	
278.271540255712	
299.696551146029	
309.604391647566	
307.614309006230	
293.802780981877	
268.700576850888	
233.272360240539	
188.879617646793	
137.228337271791	
80.3034488539711	
20.2925439313869	
-40.4981920742908	
-99.7326052702012	
-155.134350376268

IC
6.22243186433546
1.57239787044144	
-3.13806249180275	
-7.72792887233268	
-12.0208152801713	
-15.8517484981438	
-19.0735079110957	
-21.5622831115705	
-23.2224318643355	
-23.9901555838438	
-23.8359510780993	
-22.7657443397787	
-20.8206628136570	
-18.0754548919687	
-14.6356173756139	
-10.6333412912631	
-6.22243186433548	
-1.57239787044146	
3.13806249180274	
7.72792887233266	
12.0208152801713	
15.8517484981438	
19.0735079110957	
21.5622831115705	
23.2224318643355	
23.9901555838438	
23.8359510780993	
22.7657443397787	
20.8206628136570	
18.0754548919687	
14.6356173756139	
10.6333412912631	
6.22243186433548