VB
-155.134350376268	
-99.7326052702017	
-40.4981920742911	
20.2925439313868	
80.3034488539712	
137.228337271790	
188.879617646793	
233.272360240539	
268.700576850888	
293.802780981877	
307.614309006230	
309.604391647566	
299.696551146029	
278.271540255712	
246.152710129846	
204.574369397720	
155.134350376268	
99.7326052702018	
40.4981920742913	
-20.2925439313865	
-80.3034488539710	
-137.228337271790	
-188.879617646793	
-233.272360240539	
-268.700576850888	
-293.802780981877	
-307.614309006230	
-309.604391647566	
-299.696551146029	
-278.271540255712	
-246.152710129846	
-204.574369397720	
-155.134350376268

IB
-20.8184587272559
-15.9077075669108	
-10.3856321259144	
-4.46444266664884	
1.62831282060779	
7.65849315933680	
13.3943619008850	
18.6154928262268	
23.1212408019454	
26.7384524601864	
29.3281203854794	
30.7907250917578	
31.0700595003976	
30.1553889467271	
28.0818637071709	
24.9291681938387	
20.8184587272559	
15.9077075669108	
10.3856321259145	
4.46444266664886	
-1.62831282060777	
-7.65849315933679	
-13.3943619008849	
-18.6154928262268	
-23.1212408019454	
-26.7384524601864	
-29.3281203854794	
-30.7907250917578	
-31.0700595003976	
-30.1553889467271	
-28.0818637071709	
-24.9291681938387	
-20.8184587272559